[100.  72.  86. 100.  73.   1.  39.  48. 122.  36. 104.  13.  25.  71.
  18.  24.  48.  50.   3. 168.  19.  21.  26.  16.  81.  36.  83.   2.
  52.   8. 108. 141.  30.  26.   4.  99. 217.  45.  33.  15.  14.  61.
   4.   3.  63.  52.   5. 159.  74.  30.   2. 189.  42.  51.  38.  64.
  65.  47.  13. 192.  25.  27.  68.  95.   1. 106.  14. 333. 222.  14.
   1.  73. 197. 204.  48. 102.  46.  85.  72.  97.  80.  20. 175.  24.
 106. 123.  96.  28.  32.  10. 186.  28.   1. 100.  43.  19. 155.  42.
  48.  60.   5.  69.  80.  39. 283.  73.  20. 231. 162.  60.  12.  56.
  57.  18.   1.  27.  26.  37.  24.   1. 142.  11.   2. 161.  98.  31.
  81.  26. 109.  68. 117.  65.  65.   6.  26.  19.  57.  95. 107.  55.
  52.  56.  68.  34.   2.   5.  14. 110.   2.  20.  50.  74. 187.   2.
   2.  23.   2.  20.  73.   2.  52.   2. 119.  83.  45.  21.   8.  24.
   3.   9.  73.   5. 146. 115.  49. 120.   1.  64.  14.  37.  66.   1.
  75.  32.   2. 162.   6.  11. 146. 125.   1.  23. 147.  23.  43.  31.
 127.  47.   1.   4.  46.  13.  27.  33.  42.   1.  77.  44.  92.  19.
  98.  24.  35.  43.  83.  13.  30.  32.   1. 108.  57.   1.  84.  60.
  75.  88.  27. 110.   9. 279.  25.  57.   8.  92.   1.  42.   1.   6.
  23.  89.   5. 168.  24.  42.  19.  50. 114. 172.  36.  74. 112.   1.
  60.   2.  81.  81.   5. 217.  24.  85.   1.  29.   1. 108. 105.   1.
  64.  21. 127.  80.  41.  53.  56. 148.  46. 123.  41.  41. 104. 105.
  29.  39.   6. 121.  35.   2.   2. 153.  40. 147.  63. 106.  26.  46.
  36.   1.  31.   1. 354.  59.   1.   4.  30. 116.  82.  62. 116.   3.
 121.  29.  39.  75.   2.   9.  21.   7.  90. 151. 118.  67.  63.  69.
  61.   2. 105.  51.  83.  44.  38.  36.  17.  96. 113.  25.   2.  54.
   1.  41. 108.  28.  15.  22. 128.  30.  24.  39.  30.  96.  54.  85.
   1.   1.  97.  43.  71.  96.  54.  15.  52.  69.   6. 109.   5. 218.
  61.   2. 124.   1. 118.  26.  73.  48.  30.  77.  88.  81.  49.  40.
   1. 110. 109. 123.  45.  27.  57.  10.  82.  38.  80.  15.   1.  71.
  30.  12.  52.  36.  57. 105. 133.  40.  75.  87.  44. 136.  77.   1.
   2.  76. 118.  61.  99. 100.  13.   7.  57.  12.  87. 138.  89.  67.
  72. 141.  12.  15. 146.   7.  72. 109.   1.  19. 161.  39.  33. 148.
   2.  22.  46.  92.   4.  92.   1.  14.  35. 142.  77.  67.  55. 103.
  18.   2.  72. 135.  23. 108. 121. 149. 211. 111.   1.   9. 103.  55.
  52.  32.  46.  22. 266.  21. 194. 227.  64. 129.  64.  96. 265.  83.
   2.  36. 161.  66. 214.  20.   1.  29.  93.  35.  68.  16.  33.  42.
 131. 126.   2. 203.  32.   1.  58.  68.  75.  49. 114.   2. 141.   1.
  51.  18.   1.  57.  87.  86.   1.   2. 132.  65.   1. 100. 184.   2.
  59. 160.  45.  33.  57. 134.  14.  65.  82.  67.  27. 134.  49.  33.
   1.  70.  81.   1.  29. 185.  36.  28.  26. 201.  82.  57.  28.  33.
  48.  30. 110.  82. 115.  27. 183.  50.   7. 104.  33. 127.  19.  48.
 105.  42.  36.  54.  91.  34.   2. 153. 123.   2.  54. 142. 134.   4.
  27.  70.  62.  17.  53. 138.  50.  18.  18.  24.  48.   8.  50.  57.
  15.  69.  10.  53.  70.  41. 206.  32.  66.  26.  54.  21. 108.  53.
  77. 137.  45.   9.  77.  27.   1.  84.  27.  52. 137.  28.  29.  78.
  23.  24.  70.  89.  15.  90.  21.  85.   9.  33.   7.  31.   6.  98.
  65.  29. 168. 155.   5.  24.  40. 261.  51.  39.  65.   2.  20.  93.
  46.   1.  22.  11. 243.  51.   1.  33.  73.  69.   2.   2.  37.  27.
 128.  16.   7. 192.  40. 204.   1. 119.  36.  42.  70. 168.  35.  83.
  26. 116. 131.  85. 120. 227.  33.  13.  42. 171. 132.  44.  47.   1.
  14.  36. 147.  81.  21.  13.  48.  88.   8. 104.  25. 126.  50.  76.
 151.  96.   3. 286.  24. 130.   8.  10. 110.  37. 159. 272. 192.  96.
  71.  80.  19.  92.  25.  23.   1. 198.  21.  24.  42.   1. 182.  95.
   4.  15.  14.  51. 436. 160. 117.   1.  38.  17.  78.  69.   1.  27.
 180.   7.  71.  42.  62.  63.   8.   1. 315.   2.  91.  18.  36.   1.
  50.   1.  38.  51.  47.  36.  25.  21.  38.  15.   3.  82. 107.  54.
 338. 127.  27.   1.  57.  81. 125.  50. 198.  53.  26.   1.  13.  75.
  82.  35.  78.   4. 114.  54.  56.  36. 104.  60.  39.  64.  58.  41.
  51.  18.  34.  80.  11. 108.  37.   1.  62.  25.  87.  86.  35.  20.
  98.  24.   8.  51.  86.  36.  29.  96.  72.  45. 225.  80.  87.  65.
 217. 432. 185. 485.  95.  79. 123.  64.  63.   1.  38.  81.  32.  45.
  47.   7. 162.  21.  76.  50. 402.  22.  62.  36.   5.   1.  20.  34.
 187.  41.  29. 109.  21.   1.  21. 146.  27.  70.   1.  72.   1.  87.
 130.  72.  36. 257.  29. 342.  65.  94.  77.  21. 128.  22. 218.   1.
 160.  35. 159.  77.  46.  25.  10.  13.  31.  10.   4. 114.  29.   1.
  76.  37.  56. 128. 119.   1.  37. 202.   1.  14.   5.   1. 195.  24.
  32.  40.  21. 182. 106.  52.  13.  92.   6. 107. 254.  88.  23.  60.
  17.  14.  96.  72.  97. 148.   1.   1.  39.   1. 103. 111.  30.  50.
  94.  96.  33.  41.  86.  86.  44.  54.  72.   3.  27.  65.  74.  20.
   8.  47.   2.  83.  57.  39.  41.  98.  42. 115.  48.  57.  30. 103.
  62.  59.  54.  76.   2.  72.  26.  43.  60. 119.   8.  45.   4.   5.
  50.   1. 240.  15.  75.  21.  58.   1. 108.  20. 162. 141. 159.  64.
  28. 286.   1.   1.  26.  90.]
